14 109
b444444444444444444444444444444444444444444444444444444444444444444444444444444444444444444444444444444444444
3000000000000000000000000000000000000000000000000000000000000000000000000000000000000000000000000000000000000
3000000000000000000000000000000000000000000000000000000000000000000000000000000000000000000000000000000000000
3000000000000000000000000000000000000000000000000000000000000000000000000000000000000000000000000000000000000
3000000000000b00000000000000000000000000000000000000000000000000000000000000000000000000000000000000000000000
3000000000000000000000000000000000000000000000000000000000000000000000000000000000000000000000000000000000000
30000010000000000b0000000000000000000000000000000000000000000000000000000000000000000000000000000000000000000
3000000000000000000000000000000000000000000000000000000000000000000000000000000000000000000000000000000000000
3000000001000000000000000000000000000000000000000000000000000000000000000000000000000000000000000000000000000
3000000000000000001000000000000000000000000000000000000000000000000000000000000000000000000000000000000000000
3000000000000000000000000000000000000000000000000000000000000000000000000000000000000000000000000000000000000
3000000000000000000000000000000000000000000000000000000000000000000000000000000000000000000000000000000000000
3000000000000000000000000000000000000000000000000000000000000000000000000000000000000000000000000000000000000
a222222222222222222222222222222222222222222222222222222222222222222222222222222222222222222222222222222222222
