63
733 600
858 600
971 600
1084 600
1191 600
1250 600
1308 600
1425 600
1548 600
1673 600
1724 600
1779 600
1840 600
1905 600
2023 600
2076 600
2138 600
2199 600
2257 600
2380 600
2406 600
2436 600
2463 600
2540 600
2645 600
2838 600
2897 600
3014 600
3045 600
3080 600
3115 600
3147 600
3185 600
3216 600
3251 600
3287 600
3332 600
3362 600
3395 600
3433 600
3466 600
3504 600
3534 600
3573 600
3612 549
3642 490
3683 408
3721 331
3761 252
3799 175
3832 109
3870 50
3905 68
3943 144
3979 217
4014 287
4056 370
4092 442
4131 520
4161 581
4202 600
4237 600
4263 600